/*--------------------------------*- C++ -*----------------------------------*\
  =========                 |
  \\      /  F ield         | OpenFOAM: The Open Source CFD Toolbox
   \\    /   O peration     | Website:  https://openfoam.org
    \\  /    A nd           | Version:  8
     \\/     M anipulation  |
\*---------------------------------------------------------------------------*/
FoamFile
{
    version     2.0;
    format      ascii;
    class       vectorField;
    location    "constant/polyMesh";
    object      points;
}
// * * * * * * * * * * * * * * * * * * * * * * * * * * * * * * * * * * * * * //


164
(
(-0.001 -0.001 0)
(0.001 -0.001 0)
(-0.001 0.001 0)
(0.001 0.001 0)
(-0.001 -0.001 0.001)
(0.001 -0.001 0.001)
(-0.001 0.001 0.001)
(0.001 0.001 0.001)
(-0.001 -0.001 0.002)
(0.001 -0.001 0.002)
(-0.001 0.001 0.002)
(0.001 0.001 0.002)
(-0.001 -0.001 0.003)
(0.001 -0.001 0.003)
(-0.001 0.001 0.003)
(0.001 0.001 0.003)
(-0.001 -0.001 0.004)
(0.001 -0.001 0.004)
(-0.001 0.001 0.004)
(0.001 0.001 0.004)
(-0.001 -0.001 0.005)
(0.001 -0.001 0.005)
(-0.001 0.001 0.005)
(0.001 0.001 0.005)
(-0.001 -0.001 0.006)
(0.001 -0.001 0.006)
(-0.001 0.001 0.006)
(0.001 0.001 0.006)
(-0.001 -0.001 0.007)
(0.001 -0.001 0.007)
(-0.001 0.001 0.007)
(0.001 0.001 0.007)
(-0.001 -0.001 0.008)
(0.001 -0.001 0.008)
(-0.001 0.001 0.008)
(0.001 0.001 0.008)
(-0.001 -0.001 0.009)
(0.001 -0.001 0.009)
(-0.001 0.001 0.009)
(0.001 0.001 0.009)
(-0.001 -0.001 0.01)
(0.001 -0.001 0.01)
(-0.001 0.001 0.01)
(0.001 0.001 0.01)
(-0.001 -0.001 0.011)
(0.001 -0.001 0.011)
(-0.001 0.001 0.011)
(0.001 0.001 0.011)
(-0.001 -0.001 0.012)
(0.001 -0.001 0.012)
(-0.001 0.001 0.012)
(0.001 0.001 0.012)
(-0.001 -0.001 0.013)
(0.001 -0.001 0.013)
(-0.001 0.001 0.013)
(0.001 0.001 0.013)
(-0.001 -0.001 0.014)
(0.001 -0.001 0.014)
(-0.001 0.001 0.014)
(0.001 0.001 0.014)
(-0.001 -0.001 0.015)
(0.001 -0.001 0.015)
(-0.001 0.001 0.015)
(0.001 0.001 0.015)
(-0.001 -0.001 0.016)
(0.001 -0.001 0.016)
(-0.001 0.001 0.016)
(0.001 0.001 0.016)
(-0.001 -0.001 0.017)
(0.001 -0.001 0.017)
(-0.001 0.001 0.017)
(0.001 0.001 0.017)
(-0.001 -0.001 0.018)
(0.001 -0.001 0.018)
(-0.001 0.001 0.018)
(0.001 0.001 0.018)
(-0.001 -0.001 0.019)
(0.001 -0.001 0.019)
(-0.001 0.001 0.019)
(0.001 0.001 0.019)
(-0.001 -0.001 0.02)
(0.001 -0.001 0.02)
(-0.001 0.001 0.02)
(0.001 0.001 0.02)
(-0.001 -0.001 0.021)
(0.001 -0.001 0.021)
(-0.001 0.001 0.021)
(0.001 0.001 0.021)
(-0.001 -0.001 0.022)
(0.001 -0.001 0.022)
(-0.001 0.001 0.022)
(0.001 0.001 0.022)
(-0.001 -0.001 0.023)
(0.001 -0.001 0.023)
(-0.001 0.001 0.023)
(0.001 0.001 0.023)
(-0.001 -0.001 0.024)
(0.001 -0.001 0.024)
(-0.001 0.001 0.024)
(0.001 0.001 0.024)
(-0.001 -0.001 0.025)
(0.001 -0.001 0.025)
(-0.001 0.001 0.025)
(0.001 0.001 0.025)
(-0.001 -0.001 0.026)
(0.001 -0.001 0.026)
(-0.001 0.001 0.026)
(0.001 0.001 0.026)
(-0.001 -0.001 0.027)
(0.001 -0.001 0.027)
(-0.001 0.001 0.027)
(0.001 0.001 0.027)
(-0.001 -0.001 0.028)
(0.001 -0.001 0.028)
(-0.001 0.001 0.028)
(0.001 0.001 0.028)
(-0.001 -0.001 0.029)
(0.001 -0.001 0.029)
(-0.001 0.001 0.029)
(0.001 0.001 0.029)
(-0.001 -0.001 0.03)
(0.001 -0.001 0.03)
(-0.001 0.001 0.03)
(0.001 0.001 0.03)
(-0.001 -0.001 0.031)
(0.001 -0.001 0.031)
(-0.001 0.001 0.031)
(0.001 0.001 0.031)
(-0.001 -0.001 0.032)
(0.001 -0.001 0.032)
(-0.001 0.001 0.032)
(0.001 0.001 0.032)
(-0.001 -0.001 0.033)
(0.001 -0.001 0.033)
(-0.001 0.001 0.033)
(0.001 0.001 0.033)
(-0.001 -0.001 0.034)
(0.001 -0.001 0.034)
(-0.001 0.001 0.034)
(0.001 0.001 0.034)
(-0.001 -0.001 0.035)
(0.001 -0.001 0.035)
(-0.001 0.001 0.035)
(0.001 0.001 0.035)
(-0.001 -0.001 0.036)
(0.001 -0.001 0.036)
(-0.001 0.001 0.036)
(0.001 0.001 0.036)
(-0.001 -0.001 0.037)
(0.001 -0.001 0.037)
(-0.001 0.001 0.037)
(0.001 0.001 0.037)
(-0.001 -0.001 0.038)
(0.001 -0.001 0.038)
(-0.001 0.001 0.038)
(0.001 0.001 0.038)
(-0.001 -0.001 0.039)
(0.001 -0.001 0.039)
(-0.001 0.001 0.039)
(0.001 0.001 0.039)
(-0.001 -0.001 0.04)
(0.001 -0.001 0.04)
(-0.001 0.001 0.04)
(0.001 0.001 0.04)
)


// ************************************************************************* //
